Softmax Classification: 0.637
Average Loss: 59.691
Confusion Matrix:
	  1119	     0
	  8881	     0
      0   	   1   	   2   	   3   	   4   	   5   	   6   	   7   	   8   	   9   	
0: 5.179	6.819	6.470	6.132	6.625	8.135	  NaN  	8.733	7.237	7.160	
1: 6.819	4.089	8.008	6.019	7.992	7.871	  NaN  	7.880	7.856	7.747	
2: 6.470	8.008	5.964	7.169	5.777	8.449	  NaN  	8.995	7.517	7.643	
3: 6.132	6.019	7.169	5.173	7.193	8.062	  NaN  	8.564	7.524	7.303	
4: 6.625	7.992	5.777	7.193	5.176	9.047	  NaN  	9.443	7.577	8.429	
5: 8.135	7.871	8.449	8.062	9.047	7.017	  NaN  	6.773	7.726	7.001	
6:   NaN  	  NaN  	  NaN  	  NaN  	  NaN  	  NaN  	  NaN  	  NaN  	  NaN  	  NaN  	
7: 8.733	7.880	8.995	8.564	9.443	6.773	  NaN  	4.485	8.081	6.768	
8: 7.237	7.856	7.517	7.524	7.577	7.726	  NaN  	8.081	6.929	6.905	
9: 7.160	7.747	7.643	7.303	8.429	7.001	  NaN  	6.768	6.905	5.019	

[[ 851   37  338  471   20   31   41    2  215  220]
 [  10 1936   63  133    3   13    5    5   10   40]
 [  15    8 1322   11  532    3   38    2   83  147]
 [  41   84  148 1701   15   27   13    4  107  140]
 [   0   17  760  217  915    4   19    0  117  112]
 [  21   46  109   69    9  303   73  590  195  889]
 [   0    0    0    0    0    0    0    0    0    0]
 [   0    0    0    3    0   27    0 1901   35  299]
 [   4    3  108   32   23   12    4   45 1863  136]
 [   0    0    1    4   13   12    0  139   38 1948]]


Softmax Classification: 0.68015
Average Loss: 61.139
Confusion Matrix:
	  1092	     0
	  8906	     2
      0   	   1   	   2   	   3   	   4   	   5   	   6   	   7   	   8   	   9   	
0: 5.110	7.111	7.339	6.705	7.762	8.836	  NaN  	8.448	7.693	7.574	
1: 7.111	3.488	8.948	5.556	8.452	9.687	  NaN  	9.602	9.102	9.372	
2: 7.339	8.948	5.431	8.374	5.445	9.650	  NaN  	9.427	6.954	8.159	
3: 6.705	5.556	8.374	5.315	8.158	9.993	  NaN  	9.115	8.342	8.203	
4: 7.762	8.452	5.445	8.158	5.079	11.615	  NaN  	11.084	7.197	8.700	
5: 8.836	9.687	9.650	9.993	11.615	5.782	  NaN  	6.095	9.066	7.823	
6:   NaN  	  NaN  	  NaN  	  NaN  	  NaN  	  NaN  	  NaN  	  NaN  	  NaN  	  NaN  	
7: 8.448	9.602	9.427	9.115	11.084	6.095	  NaN  	3.967	8.231	7.573	
8: 7.693	9.102	6.954	8.342	7.197	9.066	  NaN  	8.231	5.923	6.839	
9: 7.574	9.372	8.159	8.203	8.700	7.823	  NaN  	7.573	6.839	4.413	

[[ 869    8   62  347    6  617   10    0  269   60]
 [   0 1952   41   93    5   71    0    0    9    0]
 [   0    0  874   16  557  391   30    0  326    8]
 [   7   37   42 1684   21  278    2    7  110   35]
 [   0   17  119  132 1189  171   27    3  535   20]
 [   0    0    0   10    0 1221    4  715   39  262]
 [   0    0    0    0    0    0    0    0    0    0]
 [   0    0    0    0    0   92    0 1977    4  148]
 [   0    0    9   25    7  150   15   93 1954   22]
 [   0    0    0    0    5   54    0  247    7 1883]]


Softmax Classification: 0.7174
Average Loss: 55.861
Confusion Matrix:
	  1120	     1
	  8795	    84
      0   	   1   	   2   	   3   	   4   	   5   	   6   	   7   	   8   	   9   	
0: 5.481	8.297	7.432	6.719	7.845	11.303	  NaN  	11.239	8.405	9.622	
1: 8.297	3.495	8.483	6.084	7.931	12.453	  NaN  	12.999	9.349	11.309	
2: 7.432	8.483	5.767	7.885	5.940	11.819	  NaN  	11.219	7.840	9.343	
3: 6.719	6.084	7.885	5.253	7.656	12.005	  NaN  	12.261	8.205	9.787	
4: 7.845	7.931	5.940	7.656	5.233	13.821	  NaN  	13.229	8.060	10.316	
5: 11.303	12.453	11.819	12.005	13.821	5.933	  NaN  	6.038	8.694	8.136	
6:   NaN  	  NaN  	  NaN  	  NaN  	  NaN  	  NaN  	  NaN  	  NaN  	  NaN  	  NaN  	
7: 11.239	12.999	11.219	12.261	13.229	6.038	  NaN  	3.694	8.044	7.822	
8: 8.405	9.349	7.840	8.205	8.060	8.694	  NaN  	8.044	5.653	7.285	
9: 9.622	11.309	9.343	9.787	10.316	8.136	  NaN  	7.822	7.285	4.354	

[[1333    9  391  322    4  136    0   16   44    0]
 [  11 2034   58  160    9    5    0    4    2    0]
 [  14    5 1844   30  218   86    0    9   21    0]
 [  33   34  169 1839   44   44    0    7   51    0]
 [   2    7  874  161 1163   41    0    0   13    0]
 [  28   79  129   24    8  598    4 1156   73   68]
 [   0    0    0    0    0    0    0    0    0    0]
 [   0    0    2    0    0    8    0 2116   14   97]
 [   0   20  169   50   48   37    0   87 1753    0]
 [   1    4   94    4   56   14    0  312   32 1668]]


Softmax Classification: 0.7069
Average Loss: 55.823
Confusion Matrix:
	  1088	     0
	  8898	    14
      0   	   1   	   2   	   3   	   4   	   5   	   6   	   7   	   8   	   9   	
0: 4.638	7.545	7.220	6.376	7.807	10.052	  NaN  	10.629	8.747	9.665	
1: 7.545	3.387	8.890	6.439	8.375	11.775	  NaN  	12.675	10.565	10.796	
2: 7.220	8.890	5.061	8.645	5.679	9.689	  NaN  	10.922	7.649	9.375	
3: 6.376	6.439	8.645	4.577	8.024	10.743	  NaN  	11.668	8.677	9.985	
4: 7.807	8.375	5.679	8.024	4.661	11.501	  NaN  	12.591	7.953	9.961	
5: 10.052	11.775	9.689	10.743	11.501	5.488	  NaN  	5.957	7.881	8.181	
6:   NaN  	  NaN  	  NaN  	  NaN  	  NaN  	  NaN  	  NaN  	  NaN  	  NaN  	  NaN  	
7: 10.629	12.675	10.922	11.668	12.591	5.957	  NaN  	3.492	7.654	8.190	
8: 8.747	10.565	7.649	8.677	7.953	7.881	  NaN  	7.654	5.567	7.950	
9: 9.665	10.796	9.375	9.985	9.961	8.181	  NaN  	8.190	7.950	4.498	

[[1214  104   66  249    1  374    0  146   82    0]
 [   3 2117   18   42    0   29    0    9    0    0]
 [  21  153 1314   10  204  396    0   51   24    0]
 [  30  190   52 1732    2  150    0   84    5    0]
 [   8  245  452  175 1116  150    0   43   31    0]
 [   8   23    0   12    0 1175    0  975   10   20]
 [   0    0    0    0    0    0    0    0    0    0]
 [   0    2    0    0    0   22    0 2074    0   86]
 [   3   31   20   29    7  217    0  270 1683    3]
 [   3   46    3    8    0  132    0  328    5 1713]]


Softmax Classification: 0.71325
Average Loss: 55.007
Confusion Matrix:
	  1081	     0
	  8774	   145
      0   	   1   	   2   	   3   	   4   	   5   	   6   	   7   	   8   	   9   	
0: 4.908	7.928	7.571	6.485	7.872	11.354	  NaN  	12.735	9.079	11.365	
1: 7.928	3.533	9.233	5.835	7.892	14.229	  NaN  	15.824	12.139	15.162	
2: 7.571	9.233	5.005	8.578	4.981	10.992	  NaN  	12.227	7.633	9.239	
3: 6.485	5.835	8.578	4.384	7.318	12.847	  NaN  	14.532	10.320	13.203	
4: 7.872	7.892	4.981	7.318	4.298	12.789	  NaN  	13.621	7.939	10.108	
5: 11.354	14.229	10.992	12.847	12.789	6.018	  NaN  	6.385	9.106	9.656	
6:   NaN  	  NaN  	  NaN  	  NaN  	  NaN  	  NaN  	  NaN  	  NaN  	  NaN  	  NaN  	
7: 12.735	15.824	12.227	14.532	13.621	6.385	  NaN  	4.015	8.577	9.503	
8: 9.079	12.139	7.633	10.320	7.939	9.106	  NaN  	8.577	5.538	7.495	
9: 11.365	15.162	9.239	13.203	10.108	9.656	  NaN  	9.503	7.495	3.953	

[[1069    4   28  301    0  566    0    6  190    0]
 [   8 1998   24  117    3   65    0    5    6    0]
 [   8    0 1062   14  350  452    0    0  313    3]
 [  18   14   18 1723   37  243    0   11  165    0]
 [   0   18  212   93 1128  206    0    0  554    3]
 [   0    0    0   10    0 1525    0  481   32  187]
 [   0    0    0    0    0    0    0    0    0    0]
 [   0    0    0    0    0  100    0 1801   17  417]
 [   0    0    3   10    5  234    0   41 1864   12]
 [   0    0    0    0    0   44    0   78    9 2095]]


Softmax Classification: 0.75665
Average Loss: 52.032
Confusion Matrix:
	  1091	     0
	  8807	   102
      0   	   1   	   2   	   3   	   4   	   5   	   6   	   7   	   8   	   9   	
0: 4.748	8.327	7.544	6.631	7.886	11.515	  NaN  	12.405	10.787	12.379	
1: 8.327	3.448	10.461	5.853	9.519	14.427	  NaN  	13.767	14.179	15.472	
2: 7.544	10.461	4.164	9.288	4.808	10.543	  NaN  	11.250	8.290	9.847	
3: 6.631	5.853	9.288	4.679	8.812	12.827	  NaN  	12.444	11.645	13.433	
4: 7.886	9.519	4.808	8.812	4.529	11.999	  NaN  	12.880	8.967	10.500	
5: 11.515	14.427	10.543	12.827	11.999	5.344	  NaN  	6.047	8.117	8.499	
6:   NaN  	  NaN  	  NaN  	  NaN  	  NaN  	  NaN  	  NaN  	  NaN  	  NaN  	  NaN  	
7: 12.405	13.767	11.250	12.444	12.880	6.047	  NaN  	3.355	7.846	8.464	
8: 10.787	14.179	8.290	11.645	8.967	8.117	  NaN  	7.846	5.468	7.246	
9: 12.379	15.472	9.847	13.433	10.500	8.499	  NaN  	8.464	7.246	3.616	

[[1566    8   74  140   35  317    0   11   26    1]
 [  15 2120   47   53    8   42    0    4    0    0]
 [  45    0 1250   14  585  348    0    9   16    0]
 [ 204   19   45 1573  159  174    0   15    0   11]
 [  11    5  187   58 1760  181    0    0    5    5]
 [   0    0    0   27   14 1400    0  564   29  104]
 [   0    0    0    0    0    0    0    0    0    0]
 [   0    0    0    0    1   88    0 1985    4  174]
 [  16    2   54   38  199  246    0   79 1560    3]
 [   0    0    0    3   83   57    0  196    9 1919]]


Softmax Classification: 0.7129
Average Loss: 49.160
Confusion Matrix:
	  1093	     1
	  8376	   530
      0   	   1   	   2   	   3   	   4   	   5   	   6   	   7   	   8   	   9   	
0: 4.504	9.678	8.241	5.929	7.831	13.574	  NaN  	17.494	12.529	14.136	
1: 9.678	3.268	10.710	6.710	10.229	14.443	  NaN  	17.637	15.239	15.594	
2: 8.241	10.710	5.136	8.497	5.040	12.450	  NaN  	15.228	9.784	12.229	
3: 5.929	6.710	8.497	4.363	8.123	13.855	  NaN  	16.741	12.606	14.367	
4: 7.831	10.229	5.040	8.123	4.836	14.225	  NaN  	16.641	11.314	14.383	
5: 13.574	14.443	12.450	13.855	14.225	6.013	  NaN  	7.364	9.439	8.636	
6:   NaN  	  NaN  	  NaN  	  NaN  	  NaN  	  NaN  	  NaN  	  NaN  	  NaN  	  NaN  	
7: 17.494	17.637	15.228	16.741	16.641	7.364	  NaN  	3.598	9.220	9.066	
8: 12.529	15.239	9.784	12.606	11.314	9.439	  NaN  	9.220	6.296	8.820	
9: 14.136	15.594	12.229	14.367	14.383	8.636	  NaN  	9.066	8.820	4.695	

[[1566    0   28   11   21  462    0    2  118    0]
 [ 124 1956   28   20   25   92    0    0    0    0]
 [  44    2 1182    0  311  553    0    0   94    0]
 [ 690   22   68  862  166  454    0    0    7    0]
 [  33    0  362    9 1564  280    0    0   30    0]
 [   1    0    0    0    3 1809    0  326   17   19]
 [   0    0    0    0    0    0    0    0    0    0]
 [   0    0    0    0    0  267    0 1793    1   89]
 [   0    0   15    0   24  314    0   61 1800    1]
 [   0    0    0    0   14  327    0  203    4 1726]]


Softmax Classification: 0.7354
Average Loss: 44.040
Confusion Matrix:
	  1108	     1
	  7925	   966
      0   	   1   	   2   	   3   	   4   	   5   	   6   	   7   	   8   	   9   	
0: 5.624	11.931	9.150	7.683	9.605	12.630	  NaN  	15.019	13.668	14.654	
1: 11.931	3.320	15.735	7.785	15.477	16.635	  NaN  	18.264	19.049	19.533	
2: 9.150	15.735	4.862	10.969	5.290	13.184	  NaN  	15.541	10.432	12.693	
3: 7.683	7.785	10.969	5.162	10.685	14.512	  NaN  	16.595	14.724	15.088	
4: 9.605	15.477	5.290	10.685	4.357	14.835	  NaN  	17.689	10.887	13.492	
5: 12.630	16.635	13.184	14.512	14.835	6.318	  NaN  	8.392	10.013	11.070	
6:   NaN  	  NaN  	  NaN  	  NaN  	  NaN  	  NaN  	  NaN  	  NaN  	  NaN  	  NaN  	
7: 15.019	18.264	15.541	16.595	17.689	8.392	  NaN  	3.943	11.256	11.197	
8: 13.668	19.049	10.432	14.724	10.887	10.013	  NaN  	11.256	5.631	8.815	
9: 14.654	19.533	12.693	15.088	13.492	11.070	  NaN  	11.197	8.815	4.322	

[[1370    3  143  219    1  281    0    8  105  130]
 [  11 1998   67   80   14   19    0    9    0   49]
 [   8    0 1670    7  167  211    0    5   53   87]
 [  93   19   98 1748   37  104    0   23   18  183]
 [   4    3  725   76 1152   82    0    5   22  151]
 [   0    0   13    0    0 1043    0  692   55  422]
 [   0    0    0    0    0    0    0    0    0    0]
 [   0    0    0    0    0   14    0 1762    0  388]
 [   0    0   49    9   25   80    0   95 1903   29]
 [   0    0    0    0    2   18    0   81    0 2062]]


Softmax Classification: 0.7126
Average Loss: 34.892
Confusion Matrix:
	  1131	     0
	  7368	  1501
      0   	   1   	   2   	   3   	   4   	   5   	   6   	   7   	   8   	   9   	
0: 5.049	13.000	9.707	8.109	9.620	14.534	  NaN  	19.393	13.397	17.441	
1: 13.000	3.376	15.837	8.016	16.831	15.207	  NaN  	19.261	17.132	19.869	
2: 9.707	15.837	5.144	13.333	5.620	13.528	  NaN  	17.950	8.253	15.443	
3: 8.109	8.016	13.333	5.043	12.804	15.435	  NaN  	18.763	15.632	19.063	
4: 9.620	16.831	5.620	12.804	5.099	14.657	  NaN  	19.645	10.044	16.973	
5: 14.534	15.207	13.528	15.435	14.657	6.118	  NaN  	8.963	10.423	11.203	
6:   NaN  	  NaN  	  NaN  	  NaN  	  NaN  	  NaN  	  NaN  	  NaN  	  NaN  	  NaN  	
7: 19.393	19.261	17.950	18.763	19.645	8.963	  NaN  	4.092	12.995	14.071	
8: 13.397	17.132	8.253	15.632	10.044	10.423	  NaN  	12.995	5.555	10.668	
9: 17.441	19.869	15.443	19.063	16.973	11.203	  NaN  	14.071	10.668	5.091	

[[ 936   24  628  129   77  222    0    3  148    0]
 [   2 2082   92   56   17   10    0    0    0    0]
 [   3  245 1002    2  751  230    0    0   86    0]
 [  17   17  552 1473   79   88    0    0    7    0]
 [   0  105  234   24 1731   94    0    0   16    0]
 [   0   26   62    0    8 1785    0  293    3   47]
 [   0    0    0    0    0    0    0    0    0    0]
 [   0    0   16    0    0  159    0 1839    0  115]
 [   0   95   45   13   42  284    0  162 1599    3]
 [   0   15    4    0   68   89    0  241    0 1805]]


Softmax Classification: 0.6915
Average Loss: 26.710
Confusion Matrix:
	  1047	    13
	  6881	  2059
      0   	   1   	   2   	   3   	   4   	   5   	   6   	   7   	   8   	   9   	
0: 6.039	17.823	12.009	9.338	11.886	17.880	  NaN  	22.319	16.864	19.853	
1: 17.823	4.881	20.140	10.922	19.784	13.936	  NaN  	16.398	16.788	16.306	
2: 12.009	20.140	4.347	13.284	5.050	14.712	  NaN  	23.830	11.472	17.705	
3: 9.338	10.922	13.284	6.379	13.646	14.703	  NaN  	19.212	15.855	16.965	
4: 11.886	19.784	5.050	13.646	5.132	16.298	  NaN  	24.361	12.312	17.116	
5: 17.880	13.936	14.712	14.703	16.298	7.603	  NaN  	9.317	10.286	11.353	
6:   NaN  	  NaN  	  NaN  	  NaN  	  NaN  	  NaN  	  NaN  	  NaN  	  NaN  	  NaN  	
7: 22.319	16.398	23.830	19.212	24.361	9.317	  NaN  	4.373	13.568	11.633	
8: 16.864	16.788	11.472	15.855	12.312	10.286	  NaN  	13.568	6.904	11.982	
9: 19.853	16.306	17.705	16.965	17.116	11.353	  NaN  	11.633	11.982	5.659	

[[1293    5  607  158   36   80    0    4   33    0]
 [  17 2072   95   52   37    4    0    0    0    0]
 [   5    8 2236    6   41   30    0    0    5    0]
 [  65    6  404 1655  154   35    0    0    7    0]
 [   0    2 1683   35  405   12    0    0    3    0]
 [   0  222  433    0    7 1143    0  307   50   51]
 [   0    0    0    0    0    0    0    0    0    0]
 [   0    0  122    0    0   76    0 1714    0  215]
 [   1   12  494    6   47   38    0   63 1564    2]
 [   0    8  127    0   50   11    0  196    3 1748]]


Softmax Classification: 0.7764
Average Loss: 20.405
Confusion Matrix:
	  1049	    39
	  4420	  4492
      0   	   1   	   2   	   3   	   4   	   5   	   6   	   7   	   8   	   9   	
0: 6.977	22.082	13.463	11.703	14.181	19.493	  NaN  	22.801	22.654	22.745	
1: 22.082	5.364	25.158	11.586	25.285	24.119	  NaN  	28.197	24.907	26.865	
2: 13.463	25.158	4.654	17.011	5.897	19.604	  NaN  	24.373	17.574	22.672	
3: 11.703	11.586	17.011	7.320	14.830	19.748	  NaN  	23.954	20.104	23.202	
4: 14.181	25.285	5.897	14.830	5.441	19.631	  NaN  	24.396	18.715	24.337	
5: 19.493	24.119	19.604	19.748	19.631	8.991	  NaN  	10.886	13.078	13.032	
6:   NaN  	  NaN  	  NaN  	  NaN  	  NaN  	  NaN  	  NaN  	  NaN  	  NaN  	  NaN  	
7: 22.801	28.197	24.373	23.954	24.396	10.886	  NaN  	4.305	17.473	13.810	
8: 22.654	24.907	17.574	20.104	18.715	13.078	  NaN  	17.473	8.436	15.275	
9: 22.745	26.865	22.672	23.202	24.337	13.032	  NaN  	13.810	15.275	6.520	

[[1693    8   99  220   22   21    0    9  126   24]
 [  30 2075   64   59    5    2    0    0   11    6]
 [  49   13 1552    6  228  117    0    4  214   17]
 [ 140   47   98 1687  140    8    0   20   62   17]
 [  18    7  697   80 1169   36    0    2  169   35]
 [   5    0    0   95    5 1452    0  412   27  198]
 [   0    0    0    0    0    0    0    0    0    0]
 [   0    0    0    0    0   85    0 1922    0  148]
 [  17    3   45   15   14   77    0   92 1959   24]
 [   0    0    0    0    3   17    0  260    0 2019]]


Softmax Classification: 0.76575
Average Loss: 19.931
Confusion Matrix:
	  1001	    57
	  3999	  4943
      0   	   1   	   2   	   3   	   4   	   5   	   6   	   7   	   8   	   9   	
0: 9.284	24.779	18.485	16.610	17.818	19.011	  NaN  	21.971	23.338	22.402	
1: 24.779	4.120	29.302	14.036	28.980	27.207	  NaN  	34.903	27.191	31.283	
2: 18.485	29.302	6.624	24.131	7.795	17.515	  NaN  	22.434	16.059	22.126	
3: 16.610	14.036	24.131	8.427	22.513	21.778	  NaN  	29.055	22.824	25.221	
4: 17.818	28.980	7.795	22.513	8.556	18.233	  NaN  	23.352	16.353	22.171	
5: 19.011	27.207	17.515	21.778	18.233	9.511	  NaN  	11.506	14.593	13.687	
6:   NaN  	  NaN  	  NaN  	  NaN  	  NaN  	  NaN  	  NaN  	  NaN  	  NaN  	  NaN  	
7: 21.971	34.903	22.434	29.055	23.352	11.506	  NaN  	5.572	19.622	14.243	
8: 23.338	27.191	16.059	22.824	16.353	14.593	  NaN  	19.622	7.696	16.409	
9: 22.402	31.283	22.126	25.221	22.171	13.687	  NaN  	14.243	16.409	6.377	

[[1466   12  185  251   91   84    0   30   34   46]
 [  12 2102   50   46   12    0    0    0    6    5]
 [  25   44 1480    7  590   24    0    0   99    1]
 [  90  134  136 1699   87   12    0    7   10   20]
 [   1   12  285  158 1746   10    0    6   35   17]
 [   0    7   60    0    5 1005    0  667   37  395]
 [   0    0    0    0    0    0    0    0    0    0]
 [   0    0    3    0    1   15    0 1910    0  262]
 [   5    0   62   14  101   24    0  110 1897   17]
 [   0    0    3    0   41    6    0  176    0 2010]]


Softmax Classification: 0.7459
Average Loss: 13.912
Confusion Matrix:
	  1007	    68
	  4097	  4828
      0   	   1   	   2   	   3   	   4   	   5   	   6   	   7   	   8   	   9   	
0: 8.416	23.167	17.639	12.436	16.512	18.451	  NaN  	20.097	23.160	22.494	
1: 23.167	4.945	24.708	15.484	24.711	22.908	  NaN  	28.454	23.083	24.940	
2: 17.639	24.708	7.183	17.572	8.289	19.922	  NaN  	24.791	18.991	24.689	
3: 12.436	15.484	17.572	7.307	17.884	18.725	  NaN  	25.264	18.361	21.568	
4: 16.512	24.711	8.289	17.884	7.633	22.044	  NaN  	25.069	20.197	25.329	
5: 18.451	22.908	19.922	18.725	22.044	11.915	  NaN  	16.012	16.141	16.448	
6:   NaN  	  NaN  	  NaN  	  NaN  	  NaN  	  NaN  	  NaN  	  NaN  	  NaN  	  NaN  	
7: 20.097	28.454	24.791	25.264	25.069	16.012	  NaN  	5.863	23.181	19.727	
8: 23.160	23.083	18.991	18.361	20.197	16.141	  NaN  	23.181	8.467	19.353	
9: 22.494	24.940	24.689	21.568	25.329	16.448	  NaN  	19.727	19.353	9.468	

[[1585    6  186  247  184   37    0    5   41    0]
 [   8 1998   75   35   43    1    0    0    0    3]
 [  10   15 1438   15  653   11    0    0   45    0]
 [ 102  235   56 1565  240   19    0    2    5    0]
 [   1   14  321  129 1706    6    0    2   12    8]
 [   1   14   77  520   57 1011    0  394   26  200]
 [   0    0    0    0    0    0    0    0    0    0]
 [   0    0   23    7   11   94    0 1749    0  266]
 [   6    0  122   88   69   18    0   62 1885   10]
 [   0    0   10    3   60   10    0  162    0 1981]]


Softmax Classification: 0.75905
Average Loss: 11.953
Confusion Matrix:
	  1049	    67
	  3119	  5765
      0   	   1   	   2   	   3   	   4   	   5   	   6   	   7   	   8   	   9   	
0: 9.557	25.827	17.785	16.313	16.720	18.929	  NaN  	26.421	21.878	25.718	
1: 25.827	4.489	26.814	15.059	27.408	29.416	  NaN  	38.937	28.013	34.953	
2: 17.785	26.814	7.531	24.127	9.355	19.221	  NaN  	24.123	19.174	24.259	
3: 16.313	15.059	24.127	7.159	21.232	26.768	  NaN  	37.806	26.814	34.892	
4: 16.720	27.408	9.355	21.232	9.742	21.028	  NaN  	26.525	21.657	27.357	
5: 18.929	29.416	19.221	26.768	21.028	10.024	  NaN  	13.922	16.250	17.792	
6:   NaN  	  NaN  	  NaN  	  NaN  	  NaN  	  NaN  	  NaN  	  NaN  	  NaN  	  NaN  	
7: 26.421	38.937	24.123	37.806	26.525	13.922	  NaN  	5.366	22.192	20.924	
8: 21.878	28.013	19.174	26.814	21.657	16.250	  NaN  	22.192	9.520	20.746	
9: 25.718	34.953	24.259	34.892	27.357	17.792	  NaN  	20.924	20.746	7.875	

[[1192    3  128  693   58   71    0    3  108    0]
 [   9 1995   45  124    2    0    0    0   18    0]
 [   9   21 1536   43  425   54    0    0  138    0]
 [  20   20   53 1975   41   19    0    0   30    0]
 [   6    8  392  316 1408   27    0    1   93    0]
 [  20   25    9   45   11 1250    0  645   16  233]
 [   0    0    0    0    0    0    0    0    0    0]
 [   0    0    0    0    1   43    0 2110    0  133]
 [  21    0   49   25   40   75    0  139 1806   18]
 [   0    0    0    4   28   18    0  241    2 1909]]


Softmax Classification: 0.7537
Average Loss: 10.729
Confusion Matrix:
	  1024	    87
	  2403	  6486
      0   	   1   	   2   	   3   	   4   	   5   	   6   	   7   	   8   	   9   	
0: 10.060	24.225	19.969	16.041	19.723	23.638	  NaN  	29.980	25.269	30.985	
1: 24.225	7.079	31.729	18.452	30.971	28.759	  NaN  	31.270	29.569	33.253	
2: 19.969	31.729	7.909	25.678	9.334	24.639	  NaN  	31.344	20.643	32.297	
3: 16.041	18.452	25.678	10.460	24.341	25.333	  NaN  	31.574	25.808	33.264	
4: 19.723	30.971	9.334	24.341	10.409	25.813	  NaN  	31.872	21.479	32.664	
5: 23.638	28.759	24.639	25.333	25.813	10.482	  NaN  	13.889	17.898	17.797	
6:   NaN  	  NaN  	  NaN  	  NaN  	  NaN  	  NaN  	  NaN  	  NaN  	  NaN  	  NaN  	
7: 29.980	31.270	31.344	31.574	31.872	13.889	  NaN  	5.762	21.172	17.283	
8: 25.269	29.569	20.643	25.808	21.479	17.898	  NaN  	21.172	8.984	23.443	
9: 30.985	33.253	32.297	33.264	32.664	17.797	  NaN  	17.283	23.443	7.255	

[[1627    9  171  267    0   25    0    5   93    0]
 [  69 2069   65   70    0    0    0    0    2    0]
 [  38    2 1990   37   19   15    0    0  131    0]
 [ 145   56   87 1930    5   16    0    3   11    0]
 [  47    2 1575  321  119    7    0    4   92    0]
 [   0    0   18   96    0 1493    0  398   24  149]
 [   0    0    0    0    0    0    0    0    0    0]
 [   0    0    0    0    0  103    0 2027    0  168]
 [  16    0   70   32    7   56    0   57 1928    5]
 [   0    0    2    8   20   32    0  266   10 1891]]


Softmax Classification: 0.7505
Average Loss: 10.172
Confusion Matrix:
	   986	   101
	  2776	  6137
      0   	   1   	   2   	   3   	   4   	   5   	   6   	   7   	   8   	   9   	
0: 9.875	26.654	18.440	17.921	18.726	24.983	  NaN  	25.863	27.984	32.531	
1: 26.654	4.374	22.964	21.796	24.247	24.469	  NaN  	26.056	24.378	32.720	
2: 18.440	22.964	8.411	21.820	9.701	23.423	  NaN  	24.953	24.594	30.375	
3: 17.921	21.796	21.820	9.191	19.754	24.532	  NaN  	28.721	25.206	32.830	
4: 18.726	24.247	9.701	19.754	11.077	25.006	  NaN  	26.879	26.305	32.110	
5: 24.983	24.469	23.423	24.532	25.006	11.772	  NaN  	13.599	16.243	17.517	
6:   NaN  	  NaN  	  NaN  	  NaN  	  NaN  	  NaN  	  NaN  	  NaN  	  NaN  	  NaN  	
7: 25.863	26.056	24.953	28.721	26.879	13.599	  NaN  	6.401	17.602	16.889	
8: 27.984	24.378	24.594	25.206	26.305	16.243	  NaN  	17.602	11.423	21.436	
9: 32.531	32.720	30.375	32.830	32.110	17.517	  NaN  	16.889	21.436	7.868	

[[1762    3  148  169   26   36    0    4   43    0]
 [  99 1980   54   82    0    0    0    0    1    0]
 [ 146    3 1890    5  105   91    0    0   37    0]
 [ 262   15   73 1823   27   23    0    3    7    0]
 [ 153    4 1332  185  468   64    0    3   22    0]
 [   2    0    2  119    3 1564    0  172   11  371]
 [   0    0    0    0    0    0    0    0    0    0]
 [   0    0    0    0    0  170    0 1654    0  444]
 [  22    0  100   31   13   97    0   50 1782   37]
 [   0    0    0    1   21   29    0   70    0 2087]]


Softmax Classification: 0.764
Average Loss:  9.482
Confusion Matrix:
	  1035	   103
	  2305	  6557
      0   	   1   	   2   	   3   	   4   	   5   	   6   	   7   	   8   	   9   	
0: 9.504	30.977	20.394	19.709	21.269	23.179	  NaN  	23.198	26.496	29.049	
1: 30.977	4.967	33.192	22.187	33.116	31.590	  NaN  	30.390	29.224	34.118	
2: 20.394	33.192	7.064	25.717	8.789	21.733	  NaN  	23.259	25.949	27.630	
3: 19.709	22.187	25.717	9.441	23.957	25.922	  NaN  	28.559	26.553	32.046	
4: 21.269	33.116	8.789	23.957	9.592	23.187	  NaN  	23.484	25.709	28.613	
5: 23.179	31.590	21.733	25.922	23.187	11.921	  NaN  	15.227	19.486	21.095	
6:   NaN  	  NaN  	  NaN  	  NaN  	  NaN  	  NaN  	  NaN  	  NaN  	  NaN  	  NaN  	
7: 23.198	30.390	23.259	28.559	23.484	15.227	  NaN  	6.255	21.546	19.125	
8: 26.496	29.224	25.949	26.553	25.709	19.486	  NaN  	21.546	10.195	23.865	
9: 29.049	34.118	27.630	32.046	28.613	21.095	  NaN  	19.125	23.865	9.662	

[[1612    6  196  289   34   27    0    9   25    0]
 [  40 1956   53   83    0    0    0    0    0    0]
 [  31    0 1915   21  109   21    0    2   21    0]
 [  58   26   82 2039   28    3    0   11    5    0]
 [  15    2 1439  248  522   17    0    6   18    0]
 [   5    0    5  227    2 1412    0  229   72  277]
 [   0    0    0    0    0    0    0    0    0    0]
 [   0    0    0    0    0  160    0 1846   18  277]
 [  13    0  117   39   56   15    0   54 1954    3]
 [   0    0    8    3   14   38    0  153   10 2024]]


Softmax Classification: 0.80435
Average Loss:  7.229
Confusion Matrix:
	   949	   109
	  2163	  6779
      0   	   1   	   2   	   3   	   4   	   5   	   6   	   7   	   8   	   9   	
0: 11.279	34.980	21.808	23.406	23.829	25.163	  NaN  	26.857	26.922	29.261	
1: 34.980	6.208	32.382	27.062	33.862	31.673	  NaN  	32.059	32.564	36.742	
2: 21.808	32.382	9.150	25.942	9.904	21.528	  NaN  	23.136	22.210	24.443	
3: 23.406	27.062	25.942	10.177	23.750	23.555	  NaN  	28.902	27.090	31.173	
4: 23.829	33.862	9.904	23.750	10.333	23.316	  NaN  	25.241	23.797	26.033	
5: 25.163	31.673	21.528	23.555	23.316	10.527	  NaN  	15.733	20.161	19.976	
6:   NaN  	  NaN  	  NaN  	  NaN  	  NaN  	  NaN  	  NaN  	  NaN  	  NaN  	  NaN  	
7: 26.857	32.059	23.136	28.902	25.241	15.733	  NaN  	7.366	23.646	20.812	
8: 26.922	32.564	22.210	27.090	23.797	20.161	  NaN  	23.646	9.947	24.466	
9: 29.261	36.742	24.443	31.173	26.033	19.976	  NaN  	20.812	24.466	9.192	

[[1693    3   77  247   70   22    0    2   37    0]
 [  57 2010   37   72    6    0    0    0    0    0]
 [ 112    0 1255   10  764   27    0    0   39    0]
 [ 169   36   18 1923   70    1    0    3    6    0]
 [  51    1  226  304 1651    9    0    4   20    3]
 [   3    1    0   27    0 1719    0  241   16  174]
 [   0    0    0    0    0    0    0    0    0    0]
 [   0    0    0    0    0  146    0 1884    0  227]
 [  27    0   34   33   62   70    0   64 1994   10]
 [   0    0    0    2   10   65    0  197    1 1958]]


Softmax Classification: 0.78995
Average Loss:  6.088
Confusion Matrix:
	  1017	   135
	  1822	  7026
      0   	   1   	   2   	   3   	   4   	   5   	   6   	   7   	   8   	   9   	
0: 13.607	34.131	25.357	24.651	27.663	24.528	  NaN  	28.198	29.986	30.472	
1: 34.131	 6.683	32.462	26.946	34.777	31.753	  NaN  	31.749	33.812	35.032	
2: 25.357	32.462	 8.507	27.158	12.435	20.892	  NaN  	26.485	23.412	28.635	
3: 24.651	26.946	27.158	10.849	27.392	25.703	  NaN  	30.075	26.596	32.270	
4: 27.663	34.777	12.435	27.392	11.288	22.942	  NaN  	28.459	23.290	29.885	
5: 24.528	31.753	20.892	25.703	22.942	11.642	  NaN  	18.337	18.940	22.844	
6:   NaN  	  NaN  	  NaN  	  NaN  	  NaN  	  NaN  	  NaN  	  NaN  	  NaN  	  NaN  	
7: 28.198	31.749	26.485	30.075	28.459	18.337	  NaN  	 7.254	28.202	21.823	
8: 29.986	33.812	23.412	26.596	23.290	18.940	  NaN  	28.202	 8.698	29.297	
9: 30.472	35.032	28.635	32.270	29.885	22.844	  NaN  	21.823	29.297	10.145	

[[1686    0  124  312   23   24    0    3   49    0]
 [  52 2031   45  103    1    0    0    0    0    0]
 [  61    0 1671   34  291   62    0    0   38    0]
 [  76   22   53 2018   25    1    0    0    8    0]
 [  30    1  955  327  880   25    0    3   24    7]
 [   5    0    0   43    0 1675    0  340   31  175]
 [   0    0    0    0    0    0    0    0    0    0]
 [   0    0    0    0    0   75    0 1822    0  240]
 [   9    0   66   58   17   72    0   53 1966    6]
 [   0    0    0   10    7   59    0  150    6 2050]]


Softmax Classification: 0.76485
Average Loss:  5.837
Confusion Matrix:
	   995	   131
	  1550	  7324
      0   	   1   	   2   	   3   	   4   	   5   	   6   	   7   	   8   	   9   	
0: 10.714	27.890	26.351	24.669	27.237	33.345	  NaN  	35.094	30.421	32.410	
1: 27.890	 7.156	28.589	26.195	29.524	29.059	  NaN  	27.849	28.975	31.262	
2: 26.351	28.589	 9.490	29.958	 9.393	29.666	  NaN  	29.722	27.783	28.630	
3: 24.669	26.195	29.958	11.214	28.175	28.808	  NaN  	30.049	28.884	31.459	
4: 27.237	29.524	 9.393	28.175	11.170	31.720	  NaN  	30.828	27.691	30.071	
5: 33.345	29.059	29.666	28.808	31.720	10.427	  NaN  	16.494	23.383	20.795	
6:   NaN  	  NaN  	  NaN  	  NaN  	  NaN  	  NaN  	  NaN  	  NaN  	  NaN  	  NaN  	
7: 35.094	27.849	29.722	30.049	30.828	16.494	  NaN  	 6.563	24.595	20.278	
8: 30.421	28.975	27.783	28.884	27.691	23.383	  NaN  	24.595	10.591	24.227	
9: 32.410	31.262	28.630	31.459	30.071	20.795	  NaN  	20.278	24.227	 7.947	

[[1802    0   98  190   78    4    0    3   61    8]
 [  85 1822   63  176   12    0    0    0    0    0]
 [  32    0 1672    7  424    8    0    0   55    3]
 [ 268    5   29 1754  111    0    0    0    5    2]
 [  33    0  917  143 1054    4    0    6   30    8]
 [   0    0    8   26    2 1200    0  696   21  350]
 [   0    0    0    0    0    0    0    0    0    0]
 [   0    0    0    0    0   21    0 1909    0  300]
 [  24    0   37   49   51   15    0   51 2018   27]
 [   0    0    0    0    0    7    0  147    3 2066]]


Softmax Classification: 0.7629
Average Loss:  4.829047
Confusion Matrix:
	   929	   138
	  1789	  7144
      0   	   1   	   2   	   3   	   4   	   5   	   6   	   7   	   8   	   9   	
0: 14.233	33.041	24.368	25.874	26.442	23.944	  NaN  	23.347	24.865	26.856	
1: 33.041	 6.939	35.974	25.510	34.033	41.128	  NaN  	39.089	39.346	43.533	
2: 24.368	35.974	 8.386	29.050	10.826	25.442	  NaN  	24.403	26.591	28.748	
3: 25.874	25.510	29.050	 9.337	26.121	34.073	  NaN  	36.048	32.517	37.395	
4: 26.442	34.033	10.826	26.121	13.206	28.445	  NaN  	26.844	28.559	31.097	
5: 23.944	41.128	25.442	34.073	28.445	11.720	  NaN  	17.089	21.598	22.053	
6:   NaN  	  NaN  	  NaN  	  NaN  	  NaN  	  NaN  	  NaN  	  NaN  	  NaN  	  NaN  	
7: 23.347	39.089	24.403	36.048	26.844	17.089	  NaN  	 6.795	26.292	20.156	
8: 24.865	39.346	26.591	32.517	28.559	21.598	  NaN  	26.292	11.205	27.689	
9: 26.856	43.533	28.748	37.395	31.097	22.053	  NaN  	20.156	27.689	 8.303	

[[1273   60  217  566   17   23    0    9   22    0]
 [   8 2016   55   84    6    0    0    0    0    0]
 [  13    0 1979   54  200   20    0    0   30    0]
 [  11   36   51 2121   38    0    0    1    2    0]
 [   3   13 1394  321  470    5    0    6   21    2]
 [   6    1    3   15    0 1718    0  277   22  235]
 [   0    0    0    0    0    0    0    0    0    0]
 [   0    0    0    0    0   85    0 1749    0  336]
 [   4    1  131   91   18   40    0   29 1859    2]
 [   0    0    0    8    0   32    0  113    5 2073]]


Softmax Classification: 0.8019
Average Loss:  6.589315
Confusion Matrix:
	   982	   149
	  1786	  7083
      0   	   1   	   2   	   3   	   4   	   5   	   6   	   7   	   8   	   9   	
0: 13.337	33.788	25.567	24.836	26.340	21.661	  NaN  	28.062	25.486	29.009	
1: 33.788	 6.198	35.543	28.978	35.207	29.795	  NaN  	33.103	32.883	36.548	
2: 25.567	35.543	 7.858	27.916	10.703	24.482	  NaN  	31.388	27.241	30.496	
3: 24.836	28.978	27.916	11.684	25.599	24.181	  NaN  	30.297	24.451	30.360	
4: 26.340	35.207	10.703	25.599	12.065	24.796	  NaN  	32.254	27.493	31.260	
5: 21.661	29.795	24.482	24.181	24.796	11.917	  NaN  	17.507	21.216	21.073	
6:   NaN  	  NaN  	  NaN  	  NaN  	  NaN  	  NaN  	  NaN  	  NaN  	  NaN  	  NaN  	
7: 28.062	33.103	31.388	30.297	32.254	17.507	  NaN  	 6.292	25.984	22.301	
8: 25.486	32.883	27.241	24.451	27.493	21.216	  NaN  	25.984	11.113	26.201	
9: 29.009	36.548	30.496	30.360	31.260	21.073	  NaN  	22.301	26.201	10.030	

[[1714    6  144  268   44   19    0    3   30    0]
 [  23 2125   47   58    9    0    0    0    0    0]
 [  48    0 1526   16  587   13    0    0   45    2]
 [ 108   41   44 1907   89    4    0    0    7    0]
 [   6    0  342  227 1519   17    0    0   23    6]
 [  10    1    3    2    0 1273    0  598   37  336]
 [   0    0    0    0    0    0    0    0    0    0]
 [   0    0    0    0    0    8    0 1940    0  236]
 [  13    0   93   63   47   19    0   29 1998    8]
 [   0    0    0    0    4   16    0  150   13 2036]]


Softmax Classification: 0.793
Average Loss:  5.033334
Confusion Matrix:
	  1033	   140
	  1595	  7232
      0   	   1   	   2   	   3   	   4   	   5   	   6   	   7   	   8   	   9   	
0: 12.630	34.089	27.421	28.314	27.641	25.966	  NaN  	31.355	31.431	32.464	
1: 34.089	 8.152	33.733	27.760	34.635	34.468	  NaN  	37.537	41.295	38.458	
2: 27.421	33.733	 9.398	32.165	11.336	23.162	  NaN  	27.196	25.808	28.578	
3: 28.314	27.760	32.165	11.961	28.417	27.410	  NaN  	29.935	34.402	33.208	
4: 27.641	34.635	11.336	28.417	11.000	23.863	  NaN  	27.750	25.228	29.364	
5: 25.966	34.468	23.162	27.410	23.863	10.217	  NaN  	16.931	19.750	21.564	
6:   NaN  	  NaN  	  NaN  	  NaN  	  NaN  	  NaN  	  NaN  	  NaN  	  NaN  	  NaN  	
7: 31.355	37.537	27.196	29.935	27.750	16.931	  NaN  	 7.981	26.656	20.778	
8: 31.431	41.295	25.808	34.402	25.228	19.750	  NaN  	26.656	 7.541	26.757	
9: 32.464	38.458	28.578	33.208	29.364	21.564	  NaN  	20.778	26.757	 8.756	

[[1690    7  164  260    8   31    0    2   99    0]
 [  23 2073   48   97    5    1    0    0    0    0]
 [  47    0 1767    8  221   38    0    0   95    0]
 [ 123   30   64 1893   47    7    0    0   17    1]
 [  10    2 1089  210  803   24    0    0   75   11]
 [   1    4    1    2    0 1709    0  243   31  220]
 [   0    0    0    0    0    0    0    0    0    0]
 [   0    0    0    0    0  123    0 1850    0  301]
 [  17    0   48   22    4   52    0   29 2052    8]
 [   0    0    0    0    0   30    0  121   19 2023]]


Softmax Classification: 0.7872
Average Loss:  6.241168
Confusion Matrix:
	   965	   122
	  1738	  7175
      0   	   1   	   2   	   3   	   4   	   5   	   6   	   7   	   8   	   9   	
0:  9.541	29.270	22.619	21.467	23.524	27.797	  NaN  	33.442	32.067	35.016	
1: 29.270	 6.649	29.527	27.436	31.505	31.145	  NaN  	34.878	36.538	36.670	
2: 22.619	29.527	 9.584	25.226	12.970	22.222	  NaN  	25.316	27.425	28.047	
3: 21.467	27.436	25.226	10.623	24.435	26.742	  NaN  	30.386	31.308	32.128	
4: 23.524	31.505	12.970	24.435	14.701	23.349	  NaN  	25.953	28.582	29.394	
5: 27.797	31.145	22.222	26.742	23.349	10.252	  NaN  	16.425	22.346	20.851	
6:   NaN  	  NaN  	  NaN  	  NaN  	  NaN  	  NaN  	  NaN  	  NaN  	  NaN  	  NaN  	
7: 33.442	34.878	25.316	30.386	25.953	16.425	  NaN  	 6.518	25.991	18.518	
8: 32.067	36.538	27.425	31.308	28.582	22.346	  NaN  	25.991	 9.087	25.685	
9: 35.016	36.670	28.047	32.128	29.394	20.851	  NaN  	18.518	25.685	 8.595	

[[1712    1   84  258    4   25    0    3   36    0]
 [  74 2087   31   74    3    0    0    0    0    0]
 [ 249    0 1411   53  395   35    0    0   27    0]
 [ 149    9   20 2055   29   20    0    0    4    0]
 [ 120    2  728  372  969   14    0    1   26    0]
 [  20    0    0   12    0 1634    0  281   65  166]
 [   0    0    0    0    0    0    0    0    0    0]
 [   0    0    0    0    0   68    0 1895    7  217]
 [  33    0   76   73   17   33    0   25 1977    6]
 [   9    0    0   13    0   36    0  183   70 2004]]


Softmax Classification: 0.8042
Average Loss:  5.431305
Confusion Matrix:
	   933	   120
	  1746	  7201
      0   	   1   	   2   	   3   	   4   	   5   	   6   	   7   	   8   	   9   	
0: 13.148	33.185	22.786	25.314	25.344	23.890	  NaN  	23.600	26.656	26.989	
1: 33.185	 5.055	34.643	27.282	34.165	34.885	  NaN  	32.018	38.579	35.619	
2: 22.786	34.643	 8.836	25.631	10.329	26.025	  NaN  	25.037	25.541	27.329	
3: 25.314	27.282	25.631	11.251	24.480	27.871	  NaN  	27.414	29.153	28.067	
4: 25.344	34.165	10.329	24.480	 8.619	26.400	  NaN  	26.116	27.956	28.283	
5: 23.890	34.885	26.025	27.871	26.400	11.121	  NaN  	19.381	19.466	22.174	
6:   NaN  	  NaN  	  NaN  	  NaN  	  NaN  	  NaN  	  NaN  	  NaN  	  NaN  	  NaN  	
7: 23.600	32.018	25.037	27.414	26.116	19.381	  NaN  	 8.107	25.654	23.142	
8: 26.656	38.579	25.541	29.153	27.956	19.466	  NaN  	25.654	10.123	28.144	
9: 26.989	35.619	27.329	28.067	28.283	22.174	  NaN  	23.142	28.144	10.824	

[[1628   18  185  279    0   32    0    3   79    1]
 [  12 2035   50   60    4    0    0    0    0    0]
 [  17    0 1923   11  207   24    0    0   44    0]
 [  64   39   70 2035   51    1    0    5   13   11]
 [   0    4 1152  212  747   15    0    2   23    9]
 [   0    2   10    0    0 1947    0  147   41   55]
 [   0    0    0    0    0    0    0    0    0    0]
 [   0    0    0    0    0  232    0 1803    0  202]
 [   2    0   97   30    6   90    0   24 2037    5]
 [   0    0    0    0    0   77    0  151   48 1929]]


Softmax Classification: 0.815
Average Loss:  6.747642
Confusion Matrix:
	   985	   112
	  1554	  7349
      0   	   1   	   2   	   3   	   4   	   5   	   6   	   7   	   8   	   9   	
0: 11.021	34.841	26.505	26.810	28.560	25.733	  NaN  	28.905	29.196	30.915	
1: 34.841	 5.313	34.565	28.670	33.804	33.375	  NaN  	36.059	38.110	38.916	
2: 26.505	34.565	10.924	26.836	11.927	26.149	  NaN  	26.771	30.005	29.475	
3: 26.810	28.670	26.836	11.066	26.671	24.338	  NaN  	28.193	28.977	28.714	
4: 28.560	33.804	11.927	26.671	11.178	26.865	  NaN  	27.117	29.696	30.339	
5: 25.733	33.375	26.149	24.338	26.865	 9.829	  NaN  	19.843	21.099	20.158	
6:   NaN  	  NaN  	  NaN  	  NaN  	  NaN  	  NaN  	  NaN  	  NaN  	  NaN  	  NaN  	
7: 28.905	36.059	26.771	28.193	27.117	19.843	  NaN  	 6.624	26.646	21.805	
8: 29.196	38.110	30.005	28.977	29.696	21.099	  NaN  	26.646	10.433	28.092	
9: 30.915	38.916	29.475	28.714	30.339	20.158	  NaN  	21.805	28.092	 9.002	

[[1846   12  116  136   21   24    0    3   61    0]
 [  17 2113   33   45    3    0    0    0    0    0]
 [  96    0 1658    1  407   15    0    0   63    0]
 [ 246   54   40 1657   88    4    0    0   16    3]
 [  37   12  773  117 1258    9    0    0   34    6]
 [  14    3    5    0    0 1746    0  335   47  127]
 [   0    0    0    0    0    0    0    0    0    0]
 [   0    0    0    0    0   66    0 2010    4  192]
 [  36    1   59   17   18   19    0   36 2058    7]
 [   0    0    0    0    0   41    0  164   17 1954]]


Softmax Classification: 0.82115
Average Loss:  6.783158
Confusion Matrix:
	   953	   143
	  1552	  7352
      0   	   1   	   2   	   3   	   4   	   5   	   6   	   7   	   8   	   9   	
0: 14.221	33.392	29.249	30.394	30.637	27.860	  NaN  	29.163	29.506	30.847	
1: 33.392	 7.903	32.523	31.052	32.877	32.549	  NaN  	33.597	35.149	34.460	
2: 29.249	32.523	 9.237	27.783	11.983	24.337	  NaN  	24.134	28.591	26.068	
3: 30.394	31.052	27.783	11.993	26.484	28.088	  NaN  	31.751	31.546	30.722	
4: 30.637	32.877	11.983	26.484	12.079	25.890	  NaN  	25.769	28.902	28.129	
5: 27.860	32.549	24.337	28.088	25.890	10.354	  NaN  	20.008	20.767	22.247	
6:   NaN  	  NaN  	  NaN  	  NaN  	  NaN  	  NaN  	  NaN  	  NaN  	  NaN  	  NaN  	
7: 29.163	33.597	24.134	31.751	25.769	20.008	  NaN  	 7.063	25.596	21.883	
8: 29.506	35.149	28.591	31.546	28.902	20.767	  NaN  	25.596	 8.664	26.676	
9: 30.847	34.460	26.068	30.722	28.129	22.247	  NaN  	21.883	26.676	 8.593	

[[1706    9  139  225   50   11    0    3   72    0]
 [  21 2010   44  101    2    0    0    0    0    0]
 [  39    0 1588    1  605   19    0    0   49    0]
 [ 140   16   35 1858  116    0    0    0   15    0]
 [  21    3  523  120 1499    8    0    3   15    0]
 [   1    4    7    0    0 1884    0  241   40  106]
 [   0    0    0    0    0    0    0    0    0    0]
 [   0    0    0    0    0  117    0 1901    0  210]
 [   4    0   60   42   21   36    0   45 1979    1]
 [   0    0    0    0    0   49    0  143   45 1998]]


Softmax Classification: 0.80805
Average Loss:  5.864411
Confusion Matrix:
	   941	   139
	  1589	  7331
      0   	   1   	   2   	   3   	   4   	   5   	   6   	   7   	   8   	   9   	
0: 13.774	38.027	27.933	28.568	30.024	27.252	  NaN  	30.713	26.908	32.567	
1: 38.027	 9.210	36.190	32.108	35.206	35.425	  NaN  	37.875	36.076	37.266	
2: 27.933	36.190	10.041	25.435	11.723	21.780	  NaN  	25.098	26.612	26.654	
3: 28.568	32.108	25.435	11.508	24.632	26.705	  NaN  	32.687	28.921	30.763	
4: 30.024	35.206	11.723	24.632	11.779	23.134	  NaN  	26.841	26.717	27.556	
